person 151 306 172 324
person 414 306 453 330
person 230 288 250 308
person 333 284 345 294
person 149 238 160 246
person 73 277 93 332
car 109 294 248 333
car 217 276 321 333
car 182 250 235 289
person 20 276 36 332
person 194 255 203 262
car 318 278 383 326
car 382 298 499 329
car 252 246 301 280
car 234 241 274 276
car 193 215 225 246
car 227 237 258 270
car 211 226 247 249
car 190 211 218 240
car 166 190 188 200
person 298 249 313 275
person 286 220 295 236
person 408 263 417 275
person 228 206 236 214
car 129 162 150 173
person 137 180 499 332
car 2 124 499 326
