car 108 284 175 306
car 130 301 212 328
car 172 285 242 308
car 245 281 320 315
car 416 317 494 365
car 73 297 141 327
car 483 256 533 279
car 0 310 79 340
car 421 263 472 284
person 341 311 359 337
person 568 400 583 430
person 302 329 318 349
person 313 303 329 329
person 170 435 198 461
person 262 321 279 348
person 552 404 569 451
person 205 338 227 364
person 44 383 67 405
bicycle 565 429 598 456
car 474 326 569 379
person 203 332 215 347
person 413 308 428 335
car 0 292 66 317
person 171 345 183 365
car 310 260 359 283
car 413 257 447 268
car 568 395 580 455
person 6 160 625 425
