person 193 115 199 128
person 531 102 545 137
person 451 106 456 127
person 376 106 379 118
person 380 106 385 120
person 103 124 117 157
person 448 113 450 124
person 369 106 376 119
bicycle 143 245 206 454
bicycle 156 147 184 176
bicycle 248 139 264 150
bicycle 287 156 308 205
bicycle 317 186 336 254
bicycle 429 182 523 304
bicycle 347 175 452 398
bicycle 320 194 371 401
bicycle 193 238 280 459
bicycle 0 250 70 463
person 541 99 552 137
bicycle 50 268 135 444
bicycle 276 228 332 449
bicycle 477 243 582 394
