person 0 263 16 330
person 84 257 95 284
person 506 259 520 290
person 336 250 340 258
car 9 285 492 417
car 291 261 361 290
car 418 289 502 344
person 482 260 493 279
person 458 259 468 284
person 443 265 454 279
person 9 254 21 301
person 58 280 70 297
person 132 255 143 294
person 479 275 489 293
car 406 282 472 323
car 230 260 555 412
car 535 279 576 322
car 510 276 563 322
car 137 261 169 293
car 512 287 639 424
car 149 252 188 286
car 400 273 452 310
person 109 260 122 294
person 392 255 402 268
person 48 259 443 275
