bicycle 290 189 393 282
bicycle 367 267 569 372
bicycle 395 356 471 369
bicycle 0 279 82 369
bicycle 282 102 316 175
bicycle 365 142 414 224
bicycle 211 112 253 176
person 290 115 348 289
person 445 218 569 374
person 139 206 209 336
person 374 97 444 236
person 176 126 223 288
person 283 50 323 138
person 384 29 404 94
person 415 28 433 73
person 474 8 484 36
person 504 123 574 325
person 191 187 261 319
person 441 18 456 67
bicycle 250 63 283 130
car 198 38 261 137
person 431 173 526 318
person 0 4 522 373
