person 276 409 283 418
person 64 410 74 427
person 420 398 432 426
person 141 415 149 426
person 57 388 64 400
person 88 408 112 427
person 51 404 64 425
person 311 384 314 392
person 290 376 294 383
car 200 408 229 426
car 222 390 232 402
car 283 382 296 394
car 576 399 611 418
car 207 398 225 410
person 181 414 186 427
car 220 383 232 391
car 222 377 233 384
car 227 373 235 379
car 229 366 237 373
car 239 352 246 357
car 601 397 640 422
car 213 391 231 407
person 276 418 284 427
person 62 387 72 401
car 231 358 237 365
car 244 329 329 408
