person 159 300 180 341
person 384 300 397 335
person 80 296 92 321
person 297 301 305 306
person 34 330 61 351
bicycle 0 358 58 478
person 18 309 25 330
person 124 299 130 313
bicycle 357 315 381 339
car 88 345 588 471
car 545 273 639 417
car 33 321 184 402
car 274 306 338 339
car 226 301 260 329
car 205 302 235 325
person 7 300 20 335
person 273 298 277 301
person 129 302 131 312
car 172 300 195 326
car 129 298 147 314
car 90 299 118 315
car 195 306 214 323
car 193 300 209 307
car 138 304 192 330
