car 303 157 331 172
car 393 145 411 162
car 366 150 382 158
person 31 151 47 207
person 14 157 38 219
car 97 153 108 162
car 108 155 121 162
person 4 161 20 179
bicycle 126 184 199 229
bicycle 202 197 319 295
bicycle 287 211 473 366
bicycle 415 240 609 468
bicycle 172 188 266 268
bicycle 380 211 539 408
bicycle 114 177 169 222
car 370 144 393 151
person 3 158 12 179
bicycle 107 171 146 212
bicycle 62 165 79 176
bicycle 51 160 62 170
car 326 150 341 162
car 301 149 313 165
car 393 138 410 146
car 405 138 421 149
person 48 153 54 167
person 46 152 49 162
