car 565 228 636 264
car 509 210 521 224
car 161 221 212 239
car 295 214 313 225
person 168 297 199 335
person 182 295 207 330
person 125 299 145 342
person 207 291 230 321
person 225 281 238 296
person 231 282 248 311
person 244 273 255 296
person 249 275 267 303
person 585 207 597 230
person 201 287 215 314
bicycle 120 230 140 243
car 615 235 640 276
car 332 210 346 219
car 348 208 358 215
car 364 206 374 213
person 366 240 371 248
person 363 243 370 251
bicycle 68 231 77 247
bicycle 553 228 577 252
bicycle 87 227 100 245
bicycle 582 218 594 230
car 533 220 562 241
car 523 212 552 234
car 373 207 379 213
car 306 210 326 222
person 386 232 392 242
person 201 185 588 301
