person 214 239 282 380
person 179 221 225 420
person 600 253 628 355
person 328 231 397 419
person 306 241 342 310
person 525 262 543 315
person 484 272 567 346
person 459 256 494 355
person 438 256 459 304
bicycle 209 315 309 442
bicycle 7 337 83 415
bicycle 151 340 205 426
bicycle 484 297 521 354
bicycle 394 299 458 360
bicycle 104 301 124 339
bicycle 74 304 108 339
bicycle 279 294 313 350
bicycle 588 299 609 353
bicycle 618 288 640 337
person 16 213 84 409
person 415 259 447 353
person 541 268 562 312
bicycle 283 305 442 408
person 84 265 108 341
bicycle 220 251 234 270
bicycle 508 300 532 348
bicycle 1 291 599 384
person 0 244 639 338
