car 195 176 260 233
person 420 69 558 347
person 90 111 194 300
person 302 153 353 281
person 228 173 245 209
bicycle 32 206 269 342
bicycle 352 203 633 373
bicycle 314 212 342 288
bicycle 342 203 400 269
bicycle 227 197 269 238
bicycle 286 225 304 251
bicycle 219 208 243 239
bicycle 279 208 307 249
bicycle 250 212 264 239
bicycle 297 214 309 251
bicycle 256 213 271 243
bicycle 270 203 299 246
person 178 183 189 220
person 201 182 207 190
car 41 193 52 203
car 61 195 74 203
person 252 178 263 196
