car 248 238 292 260
person 341 255 383 355
person 232 259 271 363
person 168 275 220 356
person 137 259 168 361
person 97 259 142 373
person 80 261 109 362
person 433 245 461 268
person 346 239 367 265
person 460 241 487 289
person 219 231 235 292
person 236 241 248 260
bicycle 235 296 272 367
bicycle 303 268 332 307
bicycle 333 291 385 356
bicycle 402 274 456 328
car 435 241 488 265
car 367 241 411 266
car 18 237 44 249
bicycle 270 298 325 361
bicycle 387 275 416 302
bicycle 84 247 94 267
bicycle 387 301 395 317
bicycle 69 259 79 272
person 4 267 36 373
person 411 247 447 321
person 34 169 440 348
