person 24 103 145 370
person 171 169 192 242
person 260 174 280 215
person 365 173 383 223
person 469 177 490 241
person 329 180 342 214
person 403 186 413 208
person 234 180 248 206
person 218 176 232 214
person 315 179 329 213
person 295 183 302 206
bicycle 467 208 495 250
bicycle 367 198 385 231
bicycle 315 195 328 219
bicycle 263 192 280 218
car 301 187 317 205
car 252 186 259 194
person 247 183 254 197
bicycle 223 191 230 218
bicycle 330 194 345 218
bicycle 233 192 245 212
bicycle 209 188 219 204
bicycle 252 192 254 199
bicycle 283 191 293 201
person 422 184 434 217
person 199 172 449 227
