bicycle 219 164 223 173
car 84 153 125 180
car 165 156 189 173
car 0 148 53 207
car 141 158 154 168
car 121 155 144 170
car 156 158 168 169
person 285 103 323 240
person 400 112 445 261
person 348 107 380 195
person 257 130 296 225
person 326 107 359 265
person 348 93 405 274
person 438 101 484 313
person 218 151 224 171
bicycle 205 169 214 188
person 434 105 480 181
person 275 131 289 162
person 251 148 258 168
person 346 118 356 137
car 190 157 197 164
person 323 127 334 139
person 146 142 252 190
