car 473 259 501 270
car 505 259 517 269
car 534 254 581 276
bicycle 29 373 97 414
bicycle 241 280 257 321
bicycle 268 374 292 414
person 15 253 135 409
person 287 278 355 413
person 257 266 305 411
person 142 281 236 414
person 470 314 579 414
person 477 301 505 379
person 382 281 419 350
person 351 266 379 339
person 398 250 423 309
person 587 287 612 325
person 611 289 639 329
person 462 323 483 358
car 512 259 523 271
bicycle 305 399 326 414
person 614 248 637 294
bicycle 537 354 630 408
person 0 221 639 413
