person 108 273 110 279
person 294 278 298 280
person 365 276 374 289
person 90 265 93 273
person 32 284 35 290
person 41 269 45 277
person 74 273 76 278
person 59 269 64 279
person 64 273 69 278
person 111 276 117 290
car 140 250 150 256
car 186 261 199 268
car 207 262 220 269
car 215 266 227 273
car 227 265 241 273
car 244 272 260 279
car 271 269 282 277
person 140 251 146 259
person 94 276 97 285
person 108 280 112 288
car 335 282 355 291
car 253 269 264 276
car 195 260 203 266
car 108 244 116 249
car 93 242 103 248
car 159 255 171 260
car 121 242 417 290
