person 554 334 564 371
person 535 359 543 379
person 525 346 536 384
person 496 348 514 386
person 461 351 471 390
person 449 352 463 392
person 356 356 368 393
person 437 353 451 391
person 392 357 401 397
person 402 362 419 397
person 376 356 395 398
person 252 351 261 390
car 158 342 251 388
car 248 358 293 389
car 316 358 359 390
person 466 349 477 390
car 444 354 504 387
car 561 360 629 385
car 36 349 116 382
car 296 360 310 377
car 509 345 594 385
car 318 351 361 361
car 121 342 184 387
car 253 349 297 368
car 2 351 43 364
car 209 365 212 374
person 23 330 420 396
car 412 346 448 389
