person 571 114 617 142
person 531 89 569 146
person 480 89 510 144
person 402 92 421 108
person 392 90 407 109
person 361 91 371 110
person 481 79 525 146
person 351 91 361 111
person 457 83 488 147
person 369 96 384 109
car 227 103 292 136
car 179 101 241 131
car 576 89 610 107
car 517 92 605 131
car 430 92 491 109
person 267 96 282 141
person 607 141 640 209
car 607 88 640 142
car 594 106 608 110
car 12 109 80 152
car 597 84 631 98
person 289 99 302 130
car 204 103 267 137
car 0 82 637 143
person 0 74 614 424
