car 344 362 415 392
car 404 364 464 390
car 56 360 101 384
car 544 362 567 379
car 568 361 592 377
car 154 364 199 381
person 300 361 308 381
person 316 363 322 381
person 325 362 334 384
person 333 364 340 383
person 270 362 278 382
person 278 357 291 384
person 308 362 315 384
person 291 359 300 383
car 462 363 511 387
car 508 357 544 384
car 213 367 232 381
car 23 365 55 380
car 584 396 639 468
person 322 364 328 384
car 1 364 29 379
person 235 361 240 377
person 204 362 209 364
person 405 360 410 367
person 232 353 595 399
