person 29 142 40 168
person 35 138 48 163
person 18 164 30 197
person 361 129 368 140
car 67 317 211 384
car 49 372 220 425
car 200 337 326 417
car 267 397 389 425
car 358 336 483 423
car 0 314 91 390
car 0 388 57 425
person 24 138 33 167
person 5 137 13 163
person 377 120 384 142
person 56 138 66 165
person 507 111 511 125
person 510 110 517 124
person 50 142 58 166
person 68 139 75 165
person 387 120 395 136
car 377 202 424 236
car 434 181 486 212
car 486 169 548 214
car 427 163 473 192
car 363 157 416 192
car 478 171 502 194
car 63 109 639 253
person 1 27 639 364
